condition            resid    xEN  entropy    xEN  perplex    xEN     NCE    xEN   posgap    xEN
--------------------------------------------------------------------------------------------------
English_CV          0.9151  1.000   0.1901  1.000     86.7  1.000   2.829  1.000    0.453  1.000
Sinhala_YT          0.9252  1.011   0.1990  1.047     82.3  0.950   2.085  0.737    0.540  1.192
Tamil_YT            0.9278  1.014   0.1911  1.005     78.6  0.907   1.955  0.691    0.559  1.235
Sinhala_read        0.9049  0.989   0.1692  0.890     63.3  0.730   2.632  0.930    0.489  1.080
Tamil_read          0.9113  0.996   0.1668  0.877     72.5  0.837   2.678  0.947    0.484  1.070
Ctl_SpeedPitch *    0.9527  1.041   0.2503  1.317     64.5  0.744   3.118  1.102    0.419  0.926
Ctl_Babble *        0.8995  0.983   0.2452  1.290     78.0  0.899   3.135  1.108    0.334  0.739
Ctl_Reversed *      0.9027  0.986   0.2208  1.162     82.4  0.950   3.419  1.208    0.328  0.724
Ctl_Tones *         0.8477  0.926   0.1833  0.965     12.9  0.148   3.816  1.349    0.351  0.774
Ctl_WhiteNoise *    1.0138  1.108   0.1491  0.784      1.6  0.019   4.852  1.715    0.010  0.022

* = positive control (knowingly out-of-distribution audio).  NCE chance level = ln(101) = 4.615
